timestamp_utc,zone,price_eur_mwh,resolution_min
2022-07-26T00:00:00Z,AT,409.90,15
2022-07-26T00:00:00Z,AT,342.01,60
2022-07-26T00:00:00Z,BE,247.01,60
2022-07-26T00:00:00Z,CH,343.03,60
2022-07-26T00:00:00Z,CZ,270.50,60
2022-07-26T00:00:00Z,DE-LU,319.90,15
2022-07-26T00:00:00Z,DE-LU,276.85,60
2022-07-26T00:00:00Z,DK1,204.50,60
2022-07-26T00:00:00Z,DK2,179.25,60
2022-07-26T00:00:00Z,EE,216.47,60
2022-07-26T00:00:00Z,ES,125.12,60
2022-07-26T00:00:00Z,FI,1.57,60
2022-07-26T00:00:00Z,FR,368.60,60
2022-07-26T00:00:00Z,GR,333.81,60
2022-07-26T00:00:00Z,HR,336.45,60
2022-07-26T00:00:00Z,HU,327.05,60
2022-07-26T00:00:00Z,IT-CNorth,368.60,60
2022-07-26T00:00:00Z,IT-CSouth,368.60,60
2022-07-26T00:00:00Z,IT-North,368.60,60
2022-07-26T00:00:00Z,IT-Sardinia,368.60,60
2022-07-26T00:00:00Z,IT-Sicily,368.60,60
2022-07-26T00:00:00Z,IT-South,368.60,60
2022-07-26T00:00:00Z,LT,216.47,60
2022-07-26T00:00:00Z,LV,216.47,60
2022-07-26T00:00:00Z,NL,204.50,60
2022-07-26T00:00:00Z,NO1,164.71,60
2022-07-26T00:00:00Z,NO2,210.61,60
2022-07-26T00:00:00Z,NO3,1.57,60
2022-07-26T00:00:00Z,NO4,1.57,60
2022-07-26T00:00:00Z,NO5,164.71,60
2022-07-26T00:00:00Z,PL,169.49,60
2022-07-26T00:00:00Z,PT,125.12,60
2022-07-26T00:00:00Z,RO,333.81,60
2022-07-26T00:00:00Z,RS,344.13,60
2022-07-26T00:00:00Z,SE1,1.57,60
2022-07-26T00:00:00Z,SE2,1.57,60
2022-07-26T00:00:00Z,SE3,1.57,60
2022-07-26T00:00:00Z,SE4,1.57,60
2022-07-26T00:00:00Z,SI,337.41,60
2022-07-26T00:00:00Z,SK,321.74,60
2022-07-26T00:15:00Z,AT,300.00,15
2022-07-26T00:15:00Z,DE-LU,294.66,15
2022-07-26T00:30:00Z,AT,270.10,15
2022-07-26T00:30:00Z,DE-LU,286.48,15
2022-07-26T00:45:00Z,AT,260.34,15
2022-07-26T00:45:00Z,DE-LU,289.94,15
2022-07-26T01:00:00Z,AT,354.91,15
2022-07-26T01:00:00Z,AT,335.03,60
2022-07-26T01:00:00Z,BE,294.36,60
2022-07-26T01:00:00Z,CH,334.97,60
2022-07-26T01:00:00Z,CZ,276.25,60
2022-07-26T01:00:00Z,DE-LU,285.28,15
2022-07-26T01:00:00Z,DE-LU,292.79,60
2022-07-26T01:00:00Z,DK1,208.63,60
2022-07-26T01:00:00Z,DK2,129.92,60
2022-07-26T01:00:00Z,EE,272.51,60
2022-07-26T01:00:00Z,ES,125.10,60
2022-07-26T01:00:00Z,FI,1.51,60
2022-07-26T01:00:00Z,FR,364.07,60
2022-07-26T01:00:00Z,GR,302.40,60
2022-07-26T01:00:00Z,HR,318.69,60
2022-07-26T01:00:00Z,HU,299.45,60
2022-07-26T01:00:00Z,IT-CNorth,364.07,60
2022-07-26T01:00:00Z,IT-CSouth,364.07,60
2022-07-26T01:00:00Z,IT-North,364.07,60
2022-07-26T01:00:00Z,IT-Sardinia,364.07,60
2022-07-26T01:00:00Z,IT-Sicily,364.07,60
2022-07-26T01:00:00Z,IT-South,364.07,60
2022-07-26T01:00:00Z,LT,272.51,60
2022-07-26T01:00:00Z,LV,272.51,60
2022-07-26T01:00:00Z,NL,237.82,60
2022-07-26T01:00:00Z,NO1,163.21,60
2022-07-26T01:00:00Z,NO2,214.86,60
2022-07-26T01:00:00Z,NO3,1.51,60
2022-07-26T01:00:00Z,NO4,1.51,60
2022-07-26T01:00:00Z,NO5,163.21,60
2022-07-26T01:00:00Z,PL,150.12,60
2022-07-26T01:00:00Z,PT,125.10,60
2022-07-26T01:00:00Z,RO,302.40,60
2022-07-26T01:00:00Z,RS,335.05,60
2022-07-26T01:00:00Z,SE1,1.51,60
2022-07-26T01:00:00Z,SE2,1.51,60
2022-07-26T01:00:00Z,SE3,1.51,60
2022-07-26T01:00:00Z,SE4,1.51,60
2022-07-26T01:00:00Z,SI,324.89,60
2022-07-26T01:00:00Z,SK,291.15,60
2022-07-26T01:15:00Z,AT,280.10,15
2022-07-26T01:15:00Z,DE-LU,270.83,15
2022-07-26T01:30:00Z,AT,275.78,15
2022-07-26T01:30:00Z,DE-LU,267.56,15
2022-07-26T01:45:00Z,AT,290.00,15
2022-07-26T01:45:00Z,DE-LU,270.67,15
2022-07-26T02:00:00Z,AT,260.00,15
2022-07-26T02:00:00Z,AT,334.80,60
2022-07-26T02:00:00Z,BE,292.50,60
2022-07-26T02:00:00Z,CH,334.39,60
2022-07-26T02:00:00Z,CZ,302.86,60
2022-07-26T02:00:00Z,DE-LU,274.07,15
2022-07-26T02:00:00Z,DE-LU,300.31,60
2022-07-26T02:00:00Z,DK1,216.83,60
2022-07-26T02:00:00Z,DK2,30.88,60
2022-07-26T02:00:00Z,EE,275.08,60
2022-07-26T02:00:00Z,FI,1.53,60
2022-07-26T02:00:00Z,FR,345.27,60
2022-07-26T02:00:00Z,GR,315.66,60
2022-07-26T02:00:00Z,HR,323.37,60
2022-07-26T02:00:00Z,HU,314.41,60
2022-07-26T02:00:00Z,IT-CNorth,349.29,60
2022-07-26T02:00:00Z,IT-CSouth,349.29,60
2022-07-26T02:00:00Z,IT-North,349.29,60
2022-07-26T02:00:00Z,IT-Sardinia,349.29,60
2022-07-26T02:00:00Z,IT-Sicily,349.29,60
2022-07-26T02:00:00Z,IT-South,349.29,60
2022-07-26T02:00:00Z,LT,275.08,60
2022-07-26T02:00:00Z,LV,275.08,60
2022-07-26T02:00:00Z,NL,261.66,60
2022-07-26T02:00:00Z,NO1,162.66,60
2022-07-26T02:00:00Z,NO2,223.31,60
2022-07-26T02:00:00Z,NO3,1.53,60
2022-07-26T02:00:00Z,NO4,1.53,60
2022-07-26T02:00:00Z,NO5,162.66,60
2022-07-26T02:00:00Z,PL,173.61,60
2022-07-26T02:00:00Z,RO,315.66,60
2022-07-26T02:00:00Z,RS,335.06,60
2022-07-26T02:00:00Z,SE1,1.53,60
2022-07-26T02:00:00Z,SE2,1.53,60
2022-07-26T02:00:00Z,SE3,1.53,60
2022-07-26T02:00:00Z,SE4,1.53,60
2022-07-26T02:00:00Z,SI,326.57,60
2022-07-26T02:00:00Z,SK,310.07,60
2022-07-26T02:15:00Z,AT,266.52,15
2022-07-26T02:15:00Z,DE-LU,274.41,15
2022-07-26T02:30:00Z,AT,298.15,15
2022-07-26T02:30:00Z,DE-LU,280.64,15
2022-07-26T02:45:00Z,AT,359.95,15
2022-07-26T02:45:00Z,DE-LU,309.96,15
2022-07-26T03:00:00Z,AT,250.00,15
2022-07-26T03:00:00Z,AT,352.45,60
2022-07-26T03:00:00Z,BE,330.00,60
2022-07-26T03:00:00Z,CH,349.02,60
2022-07-26T03:00:00Z,CZ,348.56,60
2022-07-26T03:00:00Z,DE-LU,244.95,15
2022-07-26T03:00:00Z,DE-LU,346.94,60
2022-07-26T03:00:00Z,DK1,157.08,60
2022-07-26T03:00:00Z,DK2,23.79,60
2022-07-26T03:00:00Z,EE,275.09,60
2022-07-26T03:00:00Z,ES,128.00,60
2022-07-26T03:00:00Z,FI,3.05,60
2022-07-26T03:00:00Z,FR,371.02,60
2022-07-26T03:00:00Z,GR,350.56,60
2022-07-26T03:00:00Z,HR,352.03,60
2022-07-26T03:00:00Z,HU,350.32,60
2022-07-26T03:00:00Z,IT-CNorth,371.02,60
2022-07-26T03:00:00Z,IT-CSouth,364.69,60
2022-07-26T03:00:00Z,IT-North,371.02,60
2022-07-26T03:00:00Z,IT-Sardinia,364.69,60
2022-07-26T03:00:00Z,IT-Sicily,364.69,60
2022-07-26T03:00:00Z,IT-South,364.69,60
2022-07-26T03:00:00Z,LT,275.09,60
2022-07-26T03:00:00Z,LV,275.09,60
2022-07-26T03:00:00Z,NL,334.00,60
2022-07-26T03:00:00Z,NO1,157.08,60
2022-07-26T03:00:00Z,NO2,161.77,60
2022-07-26T03:00:00Z,NO3,1.77,60
2022-07-26T03:00:00Z,NO4,1.77,60
2022-07-26T03:00:00Z,NO5,157.08,60
2022-07-26T03:00:00Z,PL,152.92,60
2022-07-26T03:00:00Z,PT,128.00,60
2022-07-26T03:00:00Z,RO,350.56,60
2022-07-26T03:00:00Z,RS,360.15,60
2022-07-26T03:00:00Z,SE1,3.05,60
2022-07-26T03:00:00Z,SE2,3.05,60
2022-07-26T03:00:00Z,SE3,3.05,60
2022-07-26T03:00:00Z,SE4,3.05,60
2022-07-26T03:00:00Z,SI,352.53,60
2022-07-26T03:00:00Z,SK,349.70,60
2022-07-26T03:15:00Z,AT,296.01,15
2022-07-26T03:15:00Z,DE-LU,279.14,15
2022-07-26T03:30:00Z,AT,364.13,15
2022-07-26T03:30:00Z,DE-LU,330.12,15
2022-07-26T03:45:00Z,AT,429.67,15
2022-07-26T03:45:00Z,DE-LU,406.63,15
2022-07-26T04:00:00Z,AT,281.13,15
2022-07-26T04:00:00Z,AT,413.47,60
2022-07-26T04:00:00Z,BE,390.40,60
2022-07-26T04:00:00Z,CH,416.77,60
2022-07-26T04:00:00Z,CZ,410.00,60
2022-07-26T04:00:00Z,DE-LU,311.65,15
2022-07-26T04:00:00Z,DE-LU,408.23,60
2022-07-26T04:00:00Z,DK1,174.81,60
2022-07-26T04:00:00Z,DK2,36.87,60
2022-07-26T04:00:00Z,EE,409.66,60
2022-07-26T04:00:00Z,ES,144.34,60
2022-07-26T04:00:00Z,FI,5.09,60
2022-07-26T04:00:00Z,FR,430.01,60
2022-07-26T04:00:00Z,GR,388.32,60
2022-07-26T04:00:00Z,HR,412.86,60
2022-07-26T04:00:00Z,HU,411.45,60
2022-07-26T04:00:00Z,IT-CNorth,430.01,60
2022-07-26T04:00:00Z,IT-CSouth,388.32,60
2022-07-26T04:00:00Z,IT-North,430.01,60
2022-07-26T04:00:00Z,IT-Sardinia,388.32,60
2022-07-26T04:00:00Z,IT-Sicily,388.32,60
2022-07-26T04:00:00Z,IT-South,388.32,60
2022-07-26T04:00:00Z,LT,409.66,60
2022-07-26T04:00:00Z,LV,409.66,60
2022-07-26T04:00:00Z,NL,396.75,60
2022-07-26T04:00:00Z,NO1,174.81,60
2022-07-26T04:00:00Z,NO2,180.03,60
2022-07-26T04:00:00Z,NO3,1.90,60
2022-07-26T04:00:00Z,NO4,1.90,60
2022-07-26T04:00:00Z,NO5,174.81,60
2022-07-26T04:00:00Z,PL,244.55,60
2022-07-26T04:00:00Z,PT,144.34,60
2022-07-26T04:00:00Z,RO,411.66,60
2022-07-26T04:00:00Z,RS,407.21,60
2022-07-26T04:00:00Z,SE1,5.09,60
2022-07-26T04:00:00Z,SE2,5.09,60
2022-07-26T04:00:00Z,SE3,5.09,60
2022-07-26T04:00:00Z,SE4,5.09,60
2022-07-26T04:00:00Z,SI,413.29,60
2022-07-26T04:00:00Z,SK,410.94,60
2022-07-26T04:15:00Z,AT,426.50,15
2022-07-26T04:15:00Z,DE-LU,357.40,15
2022-07-26T04:30:00Z,AT,455.37,15
2022-07-26T04:30:00Z,DE-LU,379.93,15
2022-07-26T04:45:00Z,AT,500.00,15
2022-07-26T04:45:00Z,DE-LU,390.04,15
2022-07-26T05:00:00Z,AT,404.97,15
2022-07-26T05:00:00Z,AT,479.93,60
2022-07-26T05:00:00Z,BE,362.66,60
2022-07-26T05:00:00Z,CH,458.93,60
2022-07-26T05:00:00Z,CZ,462.25,60
2022-07-26T05:00:00Z,DE-LU,440.00,15
2022-07-26T05:00:00Z,DE-LU,454.37,60
2022-07-26T05:00:00Z,DK1,195.15,60
2022-07-26T05:00:00Z,DK2,179.22,60
2022-07-26T05:00:00Z,EE,460.84,60
2022-07-26T05:00:00Z,ES,154.18,60
2022-07-26T05:00:00Z,FI,8.54,60
2022-07-26T05:00:00Z,FR,555.00,60
2022-07-26T05:00:00Z,GR,410.04,60
2022-07-26T05:00:00Z,HR,476.80,60
2022-07-26T05:00:00Z,HU,469.39,60
2022-07-26T05:00:00Z,IT-CNorth,555.00,60
2022-07-26T05:00:00Z,IT-CSouth,410.04,60
2022-07-26T05:00:00Z,IT-North,555.00,60
2022-07-26T05:00:00Z,IT-Sardinia,410.04,60
2022-07-26T05:00:00Z,IT-Sicily,410.04,60
2022-07-26T05:00:00Z,IT-South,410.04,60
2022-07-26T05:00:00Z,LT,460.84,60
2022-07-26T05:00:00Z,LV,460.84,60
2022-07-26T05:00:00Z,NL,400.48,60
2022-07-26T05:00:00Z,NO1,178.22,60
2022-07-26T05:00:00Z,NO2,200.98,60
2022-07-26T05:00:00Z,NO3,1.94,60
2022-07-26T05:00:00Z,NO4,1.94,60
2022-07-26T05:00:00Z,NO5,178.22,60
2022-07-26T05:00:00Z,PL,288.63,60
2022-07-26T05:00:00Z,PT,154.18,60
2022-07-26T05:00:00Z,RO,470.63,60
2022-07-26T05:00:00Z,RS,480.05,60
2022-07-26T05:00:00Z,SE1,8.54,60
2022-07-26T05:00:00Z,SE2,8.54,60
2022-07-26T05:00:00Z,SE3,8.54,60
2022-07-26T05:00:00Z,SE4,8.54,60
2022-07-26T05:00:00Z,SI,479.22,60
2022-07-26T05:00:00Z,SK,466.93,60
2022-07-26T05:15:00Z,AT,444.98,15
2022-07-26T05:15:00Z,DE-LU,414.97,15
2022-07-26T05:30:00Z,AT,469.99,15
2022-07-26T05:30:00Z,DE-LU,414.93,15
2022-07-26T05:45:00Z,AT,514.92,15
2022-07-26T05:45:00Z,DE-LU,449.92,15
2022-07-26T06:00:00Z,AT,455.01,15
2022-07-26T06:00:00Z,AT,487.09,60
2022-07-26T06:00:00Z,BE,411.93,60
2022-07-26T06:00:00Z,CH,465.75,60
2022-07-26T06:00:00Z,CZ,321.77,60
2022-07-26T06:00:00Z,DE-LU,471.41,15
2022-07-26T06:00:00Z,DE-LU,391.64,60
2022-07-26T06:00:00Z,DK1,219.00,60
2022-07-26T06:00:00Z,DK2,179.26,60
2022-07-26T06:00:00Z,EE,145.93,60
2022-07-26T06:00:00Z,ES,158.00,60
2022-07-26T06:00:00Z,FI,16.86,60
2022-07-26T06:00:00Z,FR,650.00,60
2022-07-26T06:00:00Z,GR,409.49,60
2022-07-26T06:00:00Z,HR,444.81,60
2022-07-26T06:00:00Z,HU,400.99,60
2022-07-26T06:00:00Z,IT-CNorth,650.00,60
2022-07-26T06:00:00Z,IT-CSouth,409.49,60
2022-07-26T06:00:00Z,IT-North,650.00,60
2022-07-26T06:00:00Z,IT-Sardinia,409.49,60
2022-07-26T06:00:00Z,IT-Sicily,409.49,60
2022-07-26T06:00:00Z,IT-South,409.49,60
2022-07-26T06:00:00Z,LT,389.33,60
2022-07-26T06:00:00Z,LV,389.33,60
2022-07-26T06:00:00Z,NL,355.77,60
2022-07-26T06:00:00Z,NO1,177.31,60
2022-07-26T06:00:00Z,NO2,225.54,60
2022-07-26T06:00:00Z,NO3,1.97,60
2022-07-26T06:00:00Z,NO4,1.97,60
2022-07-26T06:00:00Z,NO5,177.31,60
2022-07-26T06:00:00Z,PL,320.86,60
2022-07-26T06:00:00Z,PT,158.00,60
2022-07-26T06:00:00Z,RO,409.49,60
2022-07-26T06:00:00Z,RS,545.80,60
2022-07-26T06:00:00Z,SE1,16.86,60
2022-07-26T06:00:00Z,SE2,16.86,60
2022-07-26T06:00:00Z,SE3,16.86,60
2022-07-26T06:00:00Z,SE4,16.86,60
2022-07-26T06:00:00Z,SI,459.22,60
2022-07-26T06:00:00Z,SK,387.28,60
2022-07-26T06:15:00Z,AT,460.05,15
2022-07-26T06:15:00Z,DE-LU,419.68,15
2022-07-26T06:30:00Z,AT,484.34,15
2022-07-26T06:30:00Z,DE-LU,379.91,15
2022-07-26T06:45:00Z,AT,500.00,15
2022-07-26T06:45:00Z,DE-LU,329.98,15
2022-07-26T07:00:00Z,AT,460.00,15
2022-07-26T07:00:00Z,AT,492.39,60
2022-07-26T07:00:00Z,BE,362.20,60
2022-07-26T07:00:00Z,CH,460.04,60
2022-07-26T07:00:00Z,CZ,363.25,60
2022-07-26T07:00:00Z,DE-LU,404.94,15
2022-07-26T07:00:00Z,DE-LU,293.50,60
2022-07-26T07:00:00Z,DK1,201.04,60
2022-07-26T07:00:00Z,DK2,179.30,60
2022-07-26T07:00:00Z,EE,11.90,60
2022-07-26T07:00:00Z,ES,148.02,60
2022-07-26T07:00:00Z,FI,11.90,60
2022-07-26T07:00:00Z,GR,396.01,60
2022-07-26T07:00:00Z,HR,511.82,60
2022-07-26T07:00:00Z,HU,498.65,60
2022-07-26T07:00:00Z,IT-CSouth,400.00,60
2022-07-26T07:00:00Z,IT-Sardinia,400.00,60
2022-07-26T07:00:00Z,IT-Sicily,396.01,60
2022-07-26T07:00:00Z,IT-South,396.01,60
2022-07-26T07:00:00Z,LT,642.30,60
2022-07-26T07:00:00Z,LV,642.30,60
2022-07-26T07:00:00Z,NL,372.20,60
2022-07-26T07:00:00Z,NO1,176.94,60
2022-07-26T07:00:00Z,NO2,243.18,60
2022-07-26T07:00:00Z,NO3,1.98,60
2022-07-26T07:00:00Z,NO4,1.98,60
2022-07-26T07:00:00Z,NO5,176.94,60
2022-07-26T07:00:00Z,PL,285.64,60
2022-07-26T07:00:00Z,PT,148.02,60
2022-07-26T07:00:00Z,RO,507.06,60
2022-07-26T07:00:00Z,RS,544.75,60
2022-07-26T07:00:00Z,SE1,11.90,60
2022-07-26T07:00:00Z,SE2,11.90,60
2022-07-26T07:00:00Z,SE3,11.90,60
2022-07-26T07:00:00Z,SE4,11.90,60
2022-07-26T07:00:00Z,SI,512.63,60
2022-07-26T07:00:00Z,SK,501.66,60
2022-07-26T07:15:00Z,AT,450.04,15
2022-07-26T07:15:00Z,DE-LU,339.98,15
2022-07-26T07:30:00Z,AT,430.06,15
2022-07-26T07:30:00Z,DE-LU,307.46,15
2022-07-26T07:45:00Z,AT,427.51,15
2022-07-26T07:45:00Z,DE-LU,279.96,15
2022-07-26T08:00:00Z,AT,490.00,15
2022-07-26T08:00:00Z,AT,466.37,60
2022-07-26T08:00:00Z,BE,344.20,60
2022-07-26T08:00:00Z,CH,463.91,60
2022-07-26T08:00:00Z,CZ,384.28,60
2022-07-26T08:00:00Z,DE-LU,359.91,15
2022-07-26T08:00:00Z,DE-LU,235.59,60
2022-07-26T08:00:00Z,DK1,177.14,60
2022-07-26T08:00:00Z,DK2,177.14,60
2022-07-26T08:00:00Z,EE,11.36,60
2022-07-26T08:00:00Z,ES,146.03,60
2022-07-26T08:00:00Z,FI,11.36,60
2022-07-26T08:00:00Z,FR,604.06,60
2022-07-26T08:00:00Z,GR,397.74,60
2022-07-26T08:00:00Z,HR,512.83,60
2022-07-26T08:00:00Z,HU,524.50,60
2022-07-26T08:00:00Z,IT-CSouth,397.74,60
2022-07-26T08:00:00Z,IT-Sardinia,397.74,60
2022-07-26T08:00:00Z,IT-Sicily,397.74,60
2022-07-26T08:00:00Z,IT-South,397.74,60
2022-07-26T08:00:00Z,LT,743.63,60
2022-07-26T08:00:00Z,LV,743.63,60
2022-07-26T08:00:00Z,NL,393.10,60
2022-07-26T08:00:00Z,NO1,177.14,60
2022-07-26T08:00:00Z,NO2,228.28,60
2022-07-26T08:00:00Z,NO5,177.14,60
2022-07-26T08:00:00Z,PL,224.54,60
2022-07-26T08:00:00Z,PT,155.13,60
2022-07-26T08:00:00Z,RO,530.96,60
2022-07-26T08:00:00Z,RS,542.18,60
2022-07-26T08:00:00Z,SE1,11.36,60
2022-07-26T08:00:00Z,SE2,11.36,60
2022-07-26T08:00:00Z,SE3,11.36,60
2022-07-26T08:00:00Z,SE4,11.36,60
2022-07-26T08:00:00Z,SI,503.86,60
2022-07-26T08:00:00Z,SK,538.23,60
2022-07-26T08:15:00Z,AT,475.00,15
2022-07-26T08:15:00Z,DE-LU,309.98,15
2022-07-26T08:30:00Z,DE-LU,259.58,15
2022-07-26T08:45:00Z,AT,480.00,15
2022-07-26T08:45:00Z,DE-LU,224.94,15
2022-07-26T09:00:00Z,AT,452.23,15
2022-07-26T09:00:00Z,AT,520.08,60
2022-07-26T09:00:00Z,BE,307.80,60
2022-07-26T09:00:00Z,CH,468.98,60
2022-07-26T09:00:00Z,CZ,427.61,60
2022-07-26T09:00:00Z,DE-LU,270.00,15
2022-07-26T09:00:00Z,DE-LU,262.81,60
2022-07-26T09:00:00Z,DK1,164.58,60
2022-07-26T09:00:00Z,DK2,164.58,60
2022-07-26T09:00:00Z,EE,9.33,60
2022-07-26T09:00:00Z,ES,152.46,60
2022-07-26T09:00:00Z,FI,9.33,60
2022-07-26T09:00:00Z,FR,650.00,60
2022-07-26T09:00:00Z,GR,395.00,60
2022-07-26T09:00:00Z,HR,570.03,60
2022-07-26T09:00:00Z,HU,581.86,60
2022-07-26T09:00:00Z,IT-CSouth,395.00,60
2022-07-26T09:00:00Z,IT-Sardinia,395.00,60
2022-07-26T09:00:00Z,IT-Sicily,395.00,60
2022-07-26T09:00:00Z,IT-South,395.00,60
2022-07-26T09:00:00Z,LT,823.26,60
2022-07-26T09:00:00Z,LV,823.26,60
2022-07-26T09:00:00Z,NL,332.40,60
2022-07-26T09:00:00Z,NO1,164.58,60
2022-07-26T09:00:00Z,NO2,254.66,60
2022-07-26T09:00:00Z,NO3,1.95,60
2022-07-26T09:00:00Z,NO4,1.95,60
2022-07-26T09:00:00Z,NO5,164.58,60
2022-07-26T09:00:00Z,PL,207.50,60
2022-07-26T09:00:00Z,PT,152.46,60
2022-07-26T09:00:00Z,RO,589.10,60
2022-07-26T09:00:00Z,RS,570.91,60
2022-07-26T09:00:00Z,SE1,9.33,60
2022-07-26T09:00:00Z,SE2,9.33,60
2022-07-26T09:00:00Z,SE3,9.33,60
2022-07-26T09:00:00Z,SE4,9.33,60
2022-07-26T09:00:00Z,SI,560.58,60
2022-07-26T09:00:00Z,SK,596.65,60
2022-07-26T09:15:00Z,AT,435.09,15
2022-07-26T09:15:00Z,DE-LU,244.95,15
2022-07-26T09:30:00Z,AT,456.73,15
2022-07-26T09:30:00Z,DE-LU,224.93,15
2022-07-26T09:45:00Z,AT,435.78,15
2022-07-26T09:45:00Z,DE-LU,219.91,15
2022-07-26T10:00:00Z,AT,460.00,15
2022-07-26T10:00:00Z,AT,479.57,60
2022-07-26T10:00:00Z,BE,323.00,60
2022-07-26T10:00:00Z,CH,477.93,60
2022-07-26T10:00:00Z,CZ,455.00,60
2022-07-26T10:00:00Z,DE-LU,289.90,15
2022-07-26T10:00:00Z,DE-LU,200.01,60
2022-07-26T10:00:00Z,DK1,130.89,60
2022-07-26T10:00:00Z,DK2,130.89,60
2022-07-26T10:00:00Z,EE,9.67,60
2022-07-26T10:00:00Z,ES,162.87,60
2022-07-26T10:00:00Z,FI,9.67,60
2022-07-26T10:00:00Z,GR,400.00,60
2022-07-26T10:00:00Z,HR,556.01,60
2022-07-26T10:00:00Z,HU,592.70,60
2022-07-26T10:00:00Z,IT-CSouth,400.00,60
2022-07-26T10:00:00Z,IT-Sardinia,400.00,60
2022-07-26T10:00:00Z,IT-Sicily,400.00,60
2022-07-26T10:00:00Z,IT-South,400.00,60
2022-07-26T10:00:00Z,LT,853.84,60
2022-07-26T10:00:00Z,LV,853.84,60
2022-07-26T10:00:00Z,NL,294.90,60
2022-07-26T10:00:00Z,NO1,130.89,60
2022-07-26T10:00:00Z,NO2,206.41,60
2022-07-26T10:00:00Z,NO3,1.98,60
2022-07-26T10:00:00Z,NO4,1.98,60
2022-07-26T10:00:00Z,NO5,130.89,60
2022-07-26T10:00:00Z,PL,225.72,60
2022-07-26T10:00:00Z,PT,162.87,60
2022-07-26T10:00:00Z,RO,597.41,60
2022-07-26T10:00:00Z,RS,576.19,60
2022-07-26T10:00:00Z,SE1,9.67,60
2022-07-26T10:00:00Z,SE2,9.67,60
2022-07-26T10:00:00Z,SE3,9.67,60
2022-07-26T10:00:00Z,SE4,9.67,60
2022-07-26T10:00:00Z,SI,537.39,60
2022-07-26T10:00:00Z,SK,615.52,60
2022-07-26T10:15:00Z,AT,430.00,15
2022-07-26T10:15:00Z,DE-LU,235.64,15
2022-07-26T10:30:00Z,AT,443.42,15
2022-07-26T10:30:00Z,DE-LU,249.91,15
2022-07-26T10:45:00Z,AT,426.50,15
2022-07-26T10:45:00Z,DE-LU,201.19,15
2022-07-26T11:00:00Z,AT,470.00,15
2022-07-26T11:00:00Z,AT,444.93,60
2022-07-26T11:00:00Z,BE,292.15,60
2022-07-26T11:00:00Z,CH,473.65,60
2022-07-26T11:00:00Z,CZ,365.00,60
2022-07-26T11:00:00Z,DE-LU,259.97,15
2022-07-26T11:00:00Z,DE-LU,188.58,60
2022-07-26T11:00:00Z,DK1,126.10,60
2022-07-26T11:00:00Z,DK2,55.08,60
2022-07-26T11:00:00Z,EE,7.92,60
2022-07-26T11:00:00Z,ES,165.00,60
2022-07-26T11:00:00Z,FI,7.92,60
2022-07-26T11:00:00Z,FR,482.64,60
2022-07-26T11:00:00Z,HR,558.70,60
2022-07-26T11:00:00Z,HU,645.21,60
2022-07-26T11:00:00Z,IT-CNorth,571.00,60
2022-07-26T11:00:00Z,IT-North,571.00,60
2022-07-26T11:00:00Z,LT,278.60,60
2022-07-26T11:00:00Z,LV,278.60,60
2022-07-26T11:00:00Z,NL,251.70,60
2022-07-26T11:00:00Z,NO1,126.10,60
2022-07-26T11:00:00Z,NO2,194.62,60
2022-07-26T11:00:00Z,NO3,1.96,60
2022-07-26T11:00:00Z,NO4,1.96,60
2022-07-26T11:00:00Z,NO5,126.10,60
2022-07-26T11:00:00Z,PL,197.98,60
2022-07-26T11:00:00Z,PT,165.00,60
2022-07-26T11:00:00Z,RO,669.05,60
2022-07-26T11:00:00Z,RS,595.06,60
2022-07-26T11:00:00Z,SE1,7.92,60
2022-07-26T11:00:00Z,SE2,7.92,60
2022-07-26T11:00:00Z,SE3,7.92,60
2022-07-26T11:00:00Z,SE4,7.92,60
2022-07-26T11:00:00Z,SI,517.45,60
2022-07-26T11:00:00Z,SK,655.31,60
2022-07-26T11:15:00Z,AT,465.00,15
2022-07-26T11:15:00Z,DE-LU,237.77,15
2022-07-26T11:30:00Z,AT,435.12,15
2022-07-26T11:30:00Z,DE-LU,194.99,15
2022-07-26T11:45:00Z,AT,427.51,15
2022-07-26T11:45:00Z,DE-LU,184.95,15
2022-07-26T12:00:00Z,AT,435.06,15
2022-07-26T12:00:00Z,AT,471.99,60
2022-07-26T12:00:00Z,BE,248.20,60
2022-07-26T12:00:00Z,CH,470.63,60
2022-07-26T12:00:00Z,CZ,336.16,60
2022-07-26T12:00:00Z,DE-LU,213.71,15
2022-07-26T12:00:00Z,DE-LU,183.10,60
2022-07-26T12:00:00Z,DK1,122.34,60
2022-07-26T12:00:00Z,DK2,23.54,60
2022-07-26T12:00:00Z,EE,7.24,60
2022-07-26T12:00:00Z,ES,160.04,60
2022-07-26T12:00:00Z,FI,7.24,60
2022-07-26T12:00:00Z,FR,651.00,60
2022-07-26T12:00:00Z,GR,400.90,60
2022-07-26T12:00:00Z,HR,570.53,60
2022-07-26T12:00:00Z,HU,621.02,60
2022-07-26T12:00:00Z,IT-CNorth,651.00,60
2022-07-26T12:00:00Z,IT-CSouth,400.90,60
2022-07-26T12:00:00Z,IT-North,651.00,60
2022-07-26T12:00:00Z,IT-Sardinia,400.90,60
2022-07-26T12:00:00Z,IT-Sicily,400.90,60
2022-07-26T12:00:00Z,IT-South,400.90,60
2022-07-26T12:00:00Z,LT,200.88,60
2022-07-26T12:00:00Z,LV,200.88,60
2022-07-26T12:00:00Z,NL,200.00,60
2022-07-26T12:00:00Z,NO1,122.34,60
2022-07-26T12:00:00Z,NO2,188.96,60
2022-07-26T12:00:00Z,NO3,1.93,60
2022-07-26T12:00:00Z,NO4,1.93,60
2022-07-26T12:00:00Z,NO5,122.34,60
2022-07-26T12:00:00Z,PL,174.47,60
2022-07-26T12:00:00Z,PT,160.04,60
2022-07-26T12:00:00Z,RO,649.48,60
2022-07-26T12:00:00Z,RS,594.90,60
2022-07-26T12:00:00Z,SE1,7.24,60
2022-07-26T12:00:00Z,SE2,7.24,60
2022-07-26T12:00:00Z,SE3,7.24,60
2022-07-26T12:00:00Z,SE4,7.24,60
2022-07-26T12:00:00Z,SI,541.09,60
2022-07-26T12:00:00Z,SK,618.92,60
2022-07-26T12:15:00Z,AT,440.06,15
2022-07-26T12:15:00Z,DE-LU,189.99,15
2022-07-26T12:30:00Z,AT,445.07,15
2022-07-26T12:45:00Z,AT,459.61,15
2022-07-26T12:45:00Z,DE-LU,227.13,15
2022-07-26T13:00:00Z,AT,430.06,15
2022-07-26T13:00:00Z,AT,487.10,60
2022-07-26T13:00:00Z,BE,265.00,60
2022-07-26T13:00:00Z,CH,473.55,60
2022-07-26T13:00:00Z,CZ,371.54,60
2022-07-26T13:00:00Z,DE-LU,184.98,15
2022-07-26T13:00:00Z,DE-LU,179.58,60
2022-07-26T13:00:00Z,DK1,118.92,60
2022-07-26T13:00:00Z,DK2,20.00,60
2022-07-26T13:00:00Z,EE,7.00,60
2022-07-26T13:00:00Z,ES,150.99,60
2022-07-26T13:00:00Z,FI,7.00,60
2022-07-26T13:00:00Z,FR,650.00,60
2022-07-26T13:00:00Z,GR,437.64,60
2022-07-26T13:00:00Z,HR,629.93,60
2022-07-26T13:00:00Z,HU,721.18,60
2022-07-26T13:00:00Z,IT-CNorth,650.00,60
2022-07-26T13:00:00Z,IT-CSouth,437.64,60
2022-07-26T13:00:00Z,IT-North,650.00,60
2022-07-26T13:00:00Z,IT-Sardinia,437.64,60
2022-07-26T13:00:00Z,IT-Sicily,437.64,60
2022-07-26T13:00:00Z,IT-South,437.64,60
2022-07-26T13:00:00Z,LT,190.70,60
2022-07-26T13:00:00Z,LV,190.70,60
2022-07-26T13:00:00Z,NL,211.89,60
2022-07-26T13:00:00Z,NO1,118.92,60
2022-07-26T13:00:00Z,NO2,185.33,60
2022-07-26T13:00:00Z,NO3,1.86,60
2022-07-26T13:00:00Z,NO4,1.86,60
2022-07-26T13:00:00Z,NO5,118.92,60
2022-07-26T13:00:00Z,PL,190.70,60
2022-07-26T13:00:00Z,PT,150.99,60
2022-07-26T13:00:00Z,RO,756.87,60
2022-07-26T13:00:00Z,RS,609.88,60
2022-07-26T13:00:00Z,SE1,7.00,60
2022-07-26T13:00:00Z,SE2,7.00,60
2022-07-26T13:00:00Z,SE3,7.00,60
2022-07-26T13:00:00Z,SE4,7.00,60
2022-07-26T13:00:00Z,SI,583.20,60
2022-07-26T13:00:00Z,SK,726.05,60
2022-07-26T13:15:00Z,AT,450.02,15
2022-07-26T13:15:00Z,DE-LU,196.23,15
2022-07-26T13:30:00Z,AT,447.84,15
2022-07-26T13:30:00Z,DE-LU,204.98,15
2022-07-26T13:45:00Z,AT,451.87,15
2022-07-26T13:45:00Z,DE-LU,241.30,15
2022-07-26T14:00:00Z,AT,429.38,15
2022-07-26T14:00:00Z,AT,478.02,60
2022-07-26T14:00:00Z,BE,222.83,60
2022-07-26T14:00:00Z,CH,478.26,60
2022-07-26T14:00:00Z,CZ,349.90,60
2022-07-26T14:00:00Z,DE-LU,179.95,15
2022-07-26T14:00:00Z,DE-LU,190.16,60
2022-07-26T14:00:00Z,DK1,121.24,60
2022-07-26T14:00:00Z,DK2,19.95,60
2022-07-26T14:00:00Z,EE,7.14,60
2022-07-26T14:00:00Z,ES,140.99,60
2022-07-26T14:00:00Z,FI,7.14,60
2022-07-26T14:00:00Z,FR,512.29,60
2022-07-26T14:00:00Z,GR,556.51,60
2022-07-26T14:00:00Z,HR,628.68,60
2022-07-26T14:00:00Z,HU,732.98,60
2022-07-26T14:00:00Z,IT-CSouth,509.99,60
2022-07-26T14:00:00Z,IT-Sardinia,509.99,60
2022-07-26T14:00:00Z,IT-Sicily,509.99,60
2022-07-26T14:00:00Z,IT-South,509.99,60
2022-07-26T14:00:00Z,LT,245.36,60
2022-07-26T14:00:00Z,LV,245.36,60
2022-07-26T14:00:00Z,NL,249.90,60
2022-07-26T14:00:00Z,NO1,121.24,60
2022-07-26T14:00:00Z,NO2,196.24,60
2022-07-26T14:00:00Z,NO3,1.75,60
2022-07-26T14:00:00Z,NO4,1.75,60
2022-07-26T14:00:00Z,NO5,121.24,60
2022-07-26T14:00:00Z,PL,245.36,60
2022-07-26T14:00:00Z,PT,140.99,60
2022-07-26T14:00:00Z,RO,769.20,60
2022-07-26T14:00:00Z,RS,619.93,60
2022-07-26T14:00:00Z,SE1,7.14,60
2022-07-26T14:00:00Z,SE2,7.14,60
2022-07-26T14:00:00Z,SE3,7.14,60
2022-07-26T14:00:00Z,SE4,7.14,60
2022-07-26T14:00:00Z,SI,576.98,60
2022-07-26T14:00:00Z,SK,744.62,60
2022-07-26T14:15:00Z,AT,430.09,15
2022-07-26T14:15:00Z,DE-LU,199.99,15
2022-07-26T14:30:00Z,AT,455.01,15
2022-07-26T14:30:00Z,DE-LU,234.48,15
2022-07-26T14:45:00Z,AT,445.46,15
2022-07-26T14:45:00Z,DE-LU,269.96,15
2022-07-26T15:00:00Z,AT,427.51,15
2022-07-26T15:00:00Z,AT,479.43,60
2022-07-26T15:00:00Z,BE,250.06,60
2022-07-26T15:00:00Z,CH,476.95,60
2022-07-26T15:00:00Z,CZ,405.95,60
2022-07-26T15:00:00Z,DE-LU,175.47,15
2022-07-26T15:00:00Z,DE-LU,264.30,60
2022-07-26T15:00:00Z,DK1,127.20,60
2022-07-26T15:00:00Z,DK2,24.17,60
2022-07-26T15:00:00Z,EE,7.28,60
2022-07-26T15:00:00Z,ES,134.00,60
2022-07-26T15:00:00Z,FI,7.28,60
2022-07-26T15:00:00Z,FR,511.63,60
2022-07-26T15:00:00Z,GR,599.62,60
2022-07-26T15:00:00Z,HR,600.95,60
2022-07-26T15:00:00Z,HU,690.61,60
2022-07-26T15:00:00Z,IT-CSouth,599.62,60
2022-07-26T15:00:00Z,IT-Sardinia,599.62,60
2022-07-26T15:00:00Z,IT-Sicily,599.62,60
2022-07-26T15:00:00Z,IT-South,599.62,60
2022-07-26T15:00:00Z,LT,288.10,60
2022-07-26T15:00:00Z,LV,288.10,60
2022-07-26T15:00:00Z,NL,299.26,60
2022-07-26T15:00:00Z,NO1,127.20,60
2022-07-26T15:00:00Z,NO2,207.01,60
2022-07-26T15:00:00Z,NO3,1.57,60
2022-07-26T15:00:00Z,NO4,1.57,60
2022-07-26T15:00:00Z,NO5,127.20,60
2022-07-26T15:00:00Z,PL,288.10,60
2022-07-26T15:00:00Z,PT,134.00,60
2022-07-26T15:00:00Z,RO,717.31,60
2022-07-26T15:00:00Z,RS,624.84,60
2022-07-26T15:00:00Z,SE1,7.28,60
2022-07-26T15:00:00Z,SE2,7.28,60
2022-07-26T15:00:00Z,SE3,7.28,60
2022-07-26T15:00:00Z,SE4,7.28,60
2022-07-26T15:00:00Z,SI,558.98,60
2022-07-26T15:00:00Z,SK,702.53,60
2022-07-26T15:15:00Z,AT,430.06,15
2022-07-26T15:15:00Z,DE-LU,239.93,15
2022-07-26T15:30:00Z,AT,435.19,15
2022-07-26T15:30:00Z,DE-LU,299.91,15
2022-07-26T15:45:00Z,AT,479.03,15
2022-07-26T15:45:00Z,DE-LU,364.92,15
2022-07-26T16:00:00Z,AT,426.50,15
2022-07-26T16:00:00Z,AT,520.02,60
2022-07-26T16:00:00Z,BE,380.00,60
2022-07-26T16:00:00Z,CH,469.92,60
2022-07-26T16:00:00Z,CZ,439.70,60
2022-07-26T16:00:00Z,DE-LU,215.09,15
2022-07-26T16:00:00Z,DE-LU,350.01,60
2022-07-26T16:00:00Z,DK1,136.79,60
2022-07-26T16:00:00Z,DK2,40.70,60
2022-07-26T16:00:00Z,EE,360.07,60
2022-07-26T16:00:00Z,ES,126.17,60
2022-07-26T16:00:00Z,FI,9.94,60
2022-07-26T16:00:00Z,FR,650.00,60
2022-07-26T16:00:00Z,GR,634.67,60
2022-07-26T16:00:00Z,HR,586.25,60
2022-07-26T16:00:00Z,HU,617.29,60
2022-07-26T16:00:00Z,IT-CSouth,634.67,60
2022-07-26T16:00:00Z,IT-Sardinia,634.67,60
2022-07-26T16:00:00Z,IT-Sicily,634.67,60
2022-07-26T16:00:00Z,IT-South,634.67,60
2022-07-26T16:00:00Z,LT,360.07,60
2022-07-26T16:00:00Z,LV,360.07,60
2022-07-26T16:00:00Z,NL,329.50,60
2022-07-26T16:00:00Z,NO1,136.79,60
2022-07-26T16:00:00Z,NO2,199.19,60
2022-07-26T16:00:00Z,NO3,1.58,60
2022-07-26T16:00:00Z,NO4,1.58,60
2022-07-26T16:00:00Z,NO5,136.79,60
2022-07-26T16:00:00Z,PL,360.07,60
2022-07-26T16:00:00Z,PT,126.17,60
2022-07-26T16:00:00Z,RO,634.67,60
2022-07-26T16:00:00Z,RS,614.67,60
2022-07-26T16:00:00Z,SE1,9.94,60
2022-07-26T16:00:00Z,SE2,9.94,60
2022-07-26T16:00:00Z,SE3,9.94,60
2022-07-26T16:00:00Z,SE4,9.94,60
2022-07-26T16:00:00Z,SI,566.35,60
2022-07-26T16:00:00Z,SK,619.02,60
2022-07-26T16:15:00Z,AT,450.07,15
2022-07-26T16:15:00Z,DE-LU,301.58,15
2022-07-26T16:30:00Z,AT,475.06,15
2022-07-26T16:30:00Z,DE-LU,346.23,15
2022-07-26T16:45:00Z,AT,495.07,15
2022-07-26T16:45:00Z,DE-LU,415.07,15
2022-07-26T17:00:00Z,AT,475.07,15
2022-07-26T17:00:00Z,AT,469.37,60
2022-07-26T17:00:00Z,BE,379.46,60
2022-07-26T17:00:00Z,CH,466.70,60
2022-07-26T17:00:00Z,CZ,459.99,60
2022-07-26T17:00:00Z,DE-LU,339.92,15
2022-07-26T17:00:00Z,DE-LU,432.55,60
2022-07-26T17:00:00Z,DK1,152.66,60
2022-07-26T17:00:00Z,DK2,53.25,60
2022-07-26T17:00:00Z,EE,415.98,60
2022-07-26T17:00:00Z,ES,136.01,60
2022-07-26T17:00:00Z,FI,9.00,60
2022-07-26T17:00:00Z,FR,651.00,60
2022-07-26T17:00:00Z,GR,651.00,60
2022-07-26T17:00:00Z,HR,615.05,60
2022-07-26T17:00:00Z,HU,539.03,60
2022-07-26T17:00:00Z,IT-CNorth,651.00,60
2022-07-26T17:00:00Z,IT-CSouth,651.00,60
2022-07-26T17:00:00Z,IT-North,651.00,60
2022-07-26T17:00:00Z,IT-Sardinia,651.00,60
2022-07-26T17:00:00Z,IT-Sicily,651.00,60
2022-07-26T17:00:00Z,IT-South,651.00,60
2022-07-26T17:00:00Z,LT,415.98,60
2022-07-26T17:00:00Z,LV,415.98,60
2022-07-26T17:00:00Z,NL,359.90,60
2022-07-26T17:00:00Z,NO1,152.66,60
2022-07-26T17:00:00Z,NO2,207.02,60
2022-07-26T17:00:00Z,NO5,152.66,60
2022-07-26T17:00:00Z,PL,415.98,60
2022-07-26T17:00:00Z,PT,136.01,60
2022-07-26T17:00:00Z,RO,560.45,60
2022-07-26T17:00:00Z,RS,617.10,60
2022-07-26T17:00:00Z,SE1,9.00,60
2022-07-26T17:00:00Z,SE2,9.00,60
2022-07-26T17:00:00Z,SE3,9.00,60
2022-07-26T17:00:00Z,SE4,9.00,60
2022-07-26T17:00:00Z,SI,651.00,60
2022-07-26T17:00:00Z,SK,524.78,60
2022-07-26T17:15:00Z,AT,480.07,15
2022-07-26T17:15:00Z,DE-LU,355.10,15
2022-07-26T17:30:00Z,AT,485.07,15
2022-07-26T17:30:00Z,DE-LU,406.49,15
2022-07-26T17:45:00Z,AT,451.50,15
2022-07-26T17:45:00Z,DE-LU,474.92,15
2022-07-26T18:00:00Z,AT,500.00,15
2022-07-26T18:00:00Z,AT,479.94,60
2022-07-26T18:00:00Z,BE,400.06,60
2022-07-26T18:00:00Z,CH,469.49,60
2022-07-26T18:00:00Z,CZ,488.40,60
2022-07-26T18:00:00Z,DE-LU,459.97,15
2022-07-26T18:00:00Z,DE-LU,438.97,60
2022-07-26T18:00:00Z,DK1,191.09,60
2022-07-26T18:00:00Z,DK2,58.45,60
2022-07-26T18:00:00Z,EE,495.07,60
2022-07-26T18:00:00Z,ES,154.35,60
2022-07-26T18:00:00Z,FI,9.99,60
2022-07-26T18:00:00Z,FR,614.73,60
2022-07-26T18:00:00Z,GR,650.00,60
2022-07-26T18:00:00Z,HR,611.33,60
2022-07-26T18:00:00Z,HU,554.40,60
2022-07-26T18:00:00Z,IT-CNorth,650.00,60
2022-07-26T18:00:00Z,IT-CSouth,650.00,60
2022-07-26T18:00:00Z,IT-North,650.00,60
2022-07-26T18:00:00Z,IT-Sardinia,650.00,60
2022-07-26T18:00:00Z,IT-Sicily,650.00,60
2022-07-26T18:00:00Z,IT-South,650.00,60
2022-07-26T18:00:00Z,LT,495.07,60
2022-07-26T18:00:00Z,LV,495.07,60
2022-07-26T18:00:00Z,NL,400.60,60
2022-07-26T18:00:00Z,NO1,175.11,60
2022-07-26T18:00:00Z,NO2,200.98,60
2022-07-26T18:00:00Z,NO5,175.11,60
2022-07-26T18:00:00Z,PL,495.07,60
2022-07-26T18:00:00Z,PT,154.35,60
2022-07-26T18:00:00Z,RO,563.53,60
2022-07-26T18:00:00Z,RS,635.04,60
2022-07-26T18:00:00Z,SE1,9.99,60
2022-07-26T18:00:00Z,SE2,9.99,60
2022-07-26T18:00:00Z,SE3,9.99,60
2022-07-26T18:00:00Z,SE4,9.99,60
2022-07-26T18:00:00Z,SI,650.00,60
2022-07-26T18:00:00Z,SK,531.62,60
2022-07-26T18:15:00Z,AT,490.04,15
2022-07-26T18:15:00Z,DE-LU,419.52,15
2022-07-26T18:30:00Z,AT,499.02,15
2022-07-26T18:30:00Z,DE-LU,435.02,15
2022-07-26T18:45:00Z,AT,426.50,15
2022-07-26T18:45:00Z,DE-LU,445.07,15
2022-07-26T19:00:00Z,AT,500.07,15
2022-07-26T19:00:00Z,AT,479.66,60
2022-07-26T19:00:00Z,BE,411.91,60
2022-07-26T19:00:00Z,CH,462.54,60
2022-07-26T19:00:00Z,CZ,456.99,60
2022-07-26T19:00:00Z,DE-LU,459.97,15
2022-07-26T19:00:00Z,DE-LU,447.50,60
2022-07-26T19:00:00Z,DK1,149.90,60
2022-07-26T19:00:00Z,DK2,62.85,60
2022-07-26T19:00:00Z,EE,455.24,60
2022-07-26T19:00:00Z,ES,160.74,60
2022-07-26T19:00:00Z,FI,8.35,60
2022-07-26T19:00:00Z,FR,546.18,60
2022-07-26T19:00:00Z,HR,474.79,60
2022-07-26T19:00:00Z,HU,466.20,60
2022-07-26T19:00:00Z,LT,455.24,60
2022-07-26T19:00:00Z,LV,455.24,60
2022-07-26T19:00:00Z,NL,395.80,60
2022-07-26T19:00:00Z,NO1,149.90,60
2022-07-26T19:00:00Z,NO2,201.02,60
2022-07-26T19:00:00Z,NO5,149.90,60
2022-07-26T19:00:00Z,PL,455.24,60
2022-07-26T19:00:00Z,PT,160.74,60
2022-07-26T19:00:00Z,RO,467.52,60
2022-07-26T19:00:00Z,RS,618.04,60
2022-07-26T19:00:00Z,SE1,8.35,60
2022-07-26T19:00:00Z,SE2,8.35,60
2022-07-26T19:00:00Z,SE3,8.35,60
2022-07-26T19:00:00Z,SE4,8.35,60
2022-07-26T19:00:00Z,SI,477.04,60
2022-07-26T19:00:00Z,SK,462.91,60
2022-07-26T19:15:00Z,AT,481.81,15
2022-07-26T19:15:00Z,DE-LU,433.47,15
2022-07-26T19:30:00Z,AT,451.50,15
2022-07-26T19:30:00Z,DE-LU,434.91,15
2022-07-26T19:45:00Z,AT,426.50,15
2022-07-26T19:45:00Z,DE-LU,428.61,15
2022-07-26T20:00:00Z,AT,522.34,15
2022-07-26T20:00:00Z,AT,475.04,60
2022-07-26T20:00:00Z,BE,403.21,60
2022-07-26T20:00:00Z,CH,460.01,60
2022-07-26T20:00:00Z,CZ,446.65,60
2022-07-26T20:00:00Z,DE-LU,491.31,15
2022-07-26T20:00:00Z,DE-LU,437.28,60
2022-07-26T20:00:00Z,DK1,149.59,60
2022-07-26T20:00:00Z,DK2,35.75,60
2022-07-26T20:00:00Z,EE,380.03,60
2022-07-26T20:00:00Z,ES,165.00,60
2022-07-26T20:00:00Z,FI,7.53,60
2022-07-26T20:00:00Z,FR,527.29,60
2022-07-26T20:00:00Z,GR,527.29,60
2022-07-26T20:00:00Z,HR,487.22,60
2022-07-26T20:00:00Z,HU,491.77,60
2022-07-26T20:00:00Z,IT-CNorth,527.29,60
2022-07-26T20:00:00Z,IT-CSouth,527.29,60
2022-07-26T20:00:00Z,IT-North,527.29,60
2022-07-26T20:00:00Z,IT-Sardinia,527.29,60
2022-07-26T20:00:00Z,IT-Sicily,527.29,60
2022-07-26T20:00:00Z,IT-South,527.29,60
2022-07-26T20:00:00Z,LT,380.03,60
2022-07-26T20:00:00Z,LV,380.03,60
2022-07-26T20:00:00Z,NL,387.90,60
2022-07-26T20:00:00Z,NO1,149.59,60
2022-07-26T20:00:00Z,NO2,199.95,60
2022-07-26T20:00:00Z,NO3,1.56,60
2022-07-26T20:00:00Z,NO4,1.56,60
2022-07-26T20:00:00Z,NO5,149.59,60
2022-07-26T20:00:00Z,PL,391.73,60
2022-07-26T20:00:00Z,PT,165.00,60
2022-07-26T20:00:00Z,RO,496.59,60
2022-07-26T20:00:00Z,RS,579.52,60
2022-07-26T20:00:00Z,SE1,7.53,60
2022-07-26T20:00:00Z,SE2,7.53,60
2022-07-26T20:00:00Z,SE3,7.53,60
2022-07-26T20:00:00Z,SE4,7.53,60
2022-07-26T20:00:00Z,SI,483.13,60
2022-07-26T20:00:00Z,SK,490.81,60
2022-07-26T20:15:00Z,AT,500.00,15
2022-07-26T20:15:00Z,DE-LU,424.97,15
2022-07-26T20:30:00Z,AT,445.00,15
2022-07-26T20:30:00Z,DE-LU,396.23,15
2022-07-26T20:45:00Z,AT,410.00,15
2022-07-26T20:45:00Z,DE-LU,364.50,15
2022-07-26T21:00:00Z,AT,455.10,15
2022-07-26T21:00:00Z,AT,444.94,60
2022-07-26T21:00:00Z,BE,399.20,60
2022-07-26T21:00:00Z,CH,439.73,60
2022-07-26T21:00:00Z,CZ,400.64,60
2022-07-26T21:00:00Z,DE-LU,424.95,15
2022-07-26T21:00:00Z,DE-LU,376.27,60
2022-07-26T21:00:00Z,DK1,134.96,60
2022-07-26T21:00:00Z,DK2,8.80,60
2022-07-26T21:00:00Z,EE,395.81,60
2022-07-26T21:00:00Z,ES,155.00,60
2022-07-26T21:00:00Z,FI,2.46,60
2022-07-26T21:00:00Z,FR,566.36,60
2022-07-26T21:00:00Z,GR,496.71,60
2022-07-26T21:00:00Z,HR,437.25,60
2022-07-26T21:00:00Z,HU,419.77,60
2022-07-26T21:00:00Z,IT-CNorth,566.36,60
2022-07-26T21:00:00Z,IT-CSouth,496.71,60
2022-07-26T21:00:00Z,IT-North,566.36,60
2022-07-26T21:00:00Z,IT-Sardinia,496.71,60
2022-07-26T21:00:00Z,IT-Sicily,496.71,60
2022-07-26T21:00:00Z,IT-South,496.71,60
2022-07-26T21:00:00Z,LT,395.81,60
2022-07-26T21:00:00Z,LV,395.81,60
2022-07-26T21:00:00Z,NL,313.03,60
2022-07-26T21:00:00Z,NO1,134.96,60
2022-07-26T21:00:00Z,NO2,180.09,60
2022-07-26T21:00:00Z,NO3,1.54,60
2022-07-26T21:00:00Z,NO4,1.54,60
2022-07-26T21:00:00Z,NO5,134.96,60
2022-07-26T21:00:00Z,PL,291.39,60
2022-07-26T21:00:00Z,PT,155.00,60
2022-07-26T21:00:00Z,RO,422.44,60
2022-07-26T21:00:00Z,RS,487.54,60
2022-07-26T21:00:00Z,SE1,2.46,60
2022-07-26T21:00:00Z,SE2,2.46,60
2022-07-26T21:00:00Z,SE3,2.46,60
2022-07-26T21:00:00Z,SE4,2.46,60
2022-07-26T21:00:00Z,SI,442.22,60
2022-07-26T21:00:00Z,SK,413.33,60
2022-07-26T21:15:00Z,AT,427.51,15
2022-07-26T21:15:00Z,DE-LU,403.41,15
2022-07-26T21:30:00Z,AT,395.00,15
2022-07-26T21:30:00Z,DE-LU,389.93,15
2022-07-26T21:45:00Z,AT,330.05,15
2022-07-26T21:45:00Z,DE-LU,339.97,15
2022-07-26T22:00:00Z,AT,449.95,15
2022-07-26T22:00:00Z,AT,415.72,60
2022-07-26T22:00:00Z,BE,390.16,60
2022-07-26T22:00:00Z,CH,436.14,60
2022-07-26T22:00:00Z,CZ,407.76,60
2022-07-26T22:00:00Z,DE-LU,429.96,15
2022-07-26T22:00:00Z,DE-LU,405.00,60
2022-07-26T22:00:00Z,DK1,154.04,60
2022-07-26T22:00:00Z,DK2,1.75,60
2022-07-26T22:00:00Z,EE,200.62,60
2022-07-26T22:00:00Z,ES,145.89,60
2022-07-26T22:00:00Z,FI,1.75,60
2022-07-26T22:00:00Z,FR,442.42,60
2022-07-26T22:00:00Z,GR,411.78,60
2022-07-26T22:00:00Z,HR,414.56,60
2022-07-26T22:00:00Z,HU,411.27,60
2022-07-26T22:00:00Z,IT-CNorth,442.42,60
2022-07-26T22:00:00Z,IT-CSouth,442.42,60
2022-07-26T22:00:00Z,IT-North,442.42,60
2022-07-26T22:00:00Z,IT-Sardinia,442.42,60
2022-07-26T22:00:00Z,IT-Sicily,442.42,60
2022-07-26T22:00:00Z,IT-South,442.42,60
2022-07-26T22:00:00Z,LT,200.62,60
2022-07-26T22:00:00Z,LV,200.62,60
2022-07-26T22:00:00Z,NL,384.13,60
2022-07-26T22:00:00Z,NO1,154.04,60
2022-07-26T22:00:00Z,NO2,231.16,60
2022-07-26T22:00:00Z,NO3,1.48,60
2022-07-26T22:00:00Z,NO4,1.48,60
2022-07-26T22:00:00Z,NO5,154.04,60
2022-07-26T22:00:00Z,PL,241.44,60
2022-07-26T22:00:00Z,PT,145.89,60
2022-07-26T22:00:00Z,RO,411.78,60
2022-07-26T22:00:00Z,RS,404.60,60
2022-07-26T22:00:00Z,SE1,1.75,60
2022-07-26T22:00:00Z,SE2,1.75,60
2022-07-26T22:00:00Z,SE3,1.75,60
2022-07-26T22:00:00Z,SE4,1.75,60
2022-07-26T22:00:00Z,SI,415.53,60
2022-07-26T22:00:00Z,SK,410.05,60
2022-07-26T22:15:00Z,AT,441.39,15
2022-07-26T22:15:00Z,DE-LU,427.76,15
2022-07-26T22:30:00Z,AT,384.98,15
2022-07-26T22:30:00Z,DE-LU,417.45,15
2022-07-26T22:45:00Z,AT,364.94,15
2022-07-26T22:45:00Z,DE-LU,326.33,15
2022-07-26T23:00:00Z,AT,406.87,15
2022-07-26T23:00:00Z,AT,365.01,60
2022-07-26T23:00:00Z,BE,327.54,60
2022-07-26T23:00:00Z,CH,403.37,60
2022-07-26T23:00:00Z,CZ,355.63,60
2022-07-26T23:00:00Z,DE-LU,402.94,15
2022-07-26T23:00:00Z,DE-LU,351.19,60
2022-07-26T23:00:00Z,DK1,139.64,60
2022-07-26T23:00:00Z,DK2,1.44,60
2022-07-26T23:00:00Z,EE,146.46,60
2022-07-26T23:00:00Z,ES,138.05,60
2022-07-26T23:00:00Z,FI,1.44,60
2022-07-26T23:00:00Z,FR,411.02,60
2022-07-26T23:00:00Z,GR,362.04,60
2022-07-26T23:00:00Z,HR,366.45,60
2022-07-26T23:00:00Z,HU,361.22,60
2022-07-26T23:00:00Z,IT-CNorth,411.02,60
2022-07-26T23:00:00Z,IT-CSouth,411.02,60
2022-07-26T23:00:00Z,IT-North,411.02,60
2022-07-26T23:00:00Z,IT-Sardinia,411.02,60
2022-07-26T23:00:00Z,IT-Sicily,411.02,60
2022-07-26T23:00:00Z,IT-South,411.02,60
2022-07-26T23:00:00Z,LT,146.46,60
2022-07-26T23:00:00Z,LV,146.46,60
2022-07-26T23:00:00Z,NL,317.99,60
2022-07-26T23:00:00Z,NO1,139.64,60
2022-07-26T23:00:00Z,NO2,201.02,60
2022-07-26T23:00:00Z,NO3,1.44,60
2022-07-26T23:00:00Z,NO4,1.44,60
2022-07-26T23:00:00Z,NO5,139.64,60
2022-07-26T23:00:00Z,PL,215.04,60
2022-07-26T23:00:00Z,PT,138.05,60
2022-07-26T23:00:00Z,RO,362.04,60
2022-07-26T23:00:00Z,RS,359.48,60
2022-07-26T23:00:00Z,SE1,1.44,60
2022-07-26T23:00:00Z,SE2,1.44,60
2022-07-26T23:00:00Z,SE3,1.44,60
2022-07-26T23:00:00Z,SE4,1.44,60
2022-07-26T23:00:00Z,SI,367.97,60
2022-07-26T23:00:00Z,SK,359.29,60
2022-07-26T23:15:00Z,AT,369.99,15
2022-07-26T23:15:00Z,DE-LU,388.11,15
2022-07-26T23:30:00Z,AT,354.93,15
2022-07-26T23:30:00Z,DE-LU,381.84,15
2022-07-26T23:45:00Z,AT,327.67,15
2022-07-26T23:45:00Z,DE-LU,332.49,15
